22011.76
22089.92
21997.23
21925.75
22082.86
21794.14
21760.43
21842.0
21764.92
21697.24
21764.88
21840.02
21802.75
21858.18
21922.08
21845.66
21918.17
21903.2
21905.75
21928.87
21861.57
22049.32
22004.92
22082.49
22215.58
22003.78
21974.49
21996.54
22009.79
22091.26
22175.5
22121.15
22307.16
22203.42
22320.63
22200.29
22286.29
22341.27
22626.42
22755.9
22807.86
22836.97
23136.08
23076.99
23291.83
23273.78
23234.23
23172.54
23199.51
23299.34
23460.08
23290.35
23364.46
23345.0
23410.55
23678.17
23599.6
23580.1
23401.99
23275.7
23299.44
23234.83
23300.14
23315.49
23450.16
23590.62
23650.26
23534.18
23451.82
23411.83
23501.76
23594.7
23346.08
23296.08
23396.62
23212.91
23329.47
23034.26
23034.49
23098.7
23168.81
23248.51
23259.48
23313.8
23368.54
23416.19
23370.43
23292.54
23464.35
23474.0
23436.85
23476.11
23321.78
23350.8
23394.12
23333.3
23395.26
23484.59
23498.44
23537.92
23684.0
23667.05
23781.71
23694.3
23690.66
23483.27
23381.18
23462.37
23454.71
23459.68
23366.87
23465.02
23530.64
23547.46
23524.84
23599.5
23717.76
23665.61
23709.06
23691.8
23625.61
23607.97
23728.55
23772.39
23714.55
23641.9
23804.01
23816.47
23881.31
23924.55
23781.35
23839.28
23995.84
23992.38
24191.35
24130.78
24195.36
24169.06
24172.63
24055.41
23854.12
23626.9
23683.97
23506.62
23630.13
23620.2
23515.48
23656.66
23791.39
23742.27
23762.85
23796.59
23726.02
23618.15
23660.38
23085.06
23030.72
23190.76
23259.7
23380.89
23340.11
23665.41
23608.15
23485.09
23532.31
23430.62
23309.06
23229.81
23222.75
23369.18
23223.3
23318.27
23275.65
23156.4
23249.7
23387.75
23261.52
23297.75
23235.64
23303.22
23085.23
23001.68
22694.58
22801.2
22746.7
22802.21
22777.2
22755.2
22732.43
22858.37
22881.41
22927.5
22011.76
22089.92
21997.23
21925.75
22082.86
21794.14
21760.43
21842.0
21764.92
21697.24
21764.88
21840.02
21802.75
21858.18
21922.08
21845.66
21918.17
21903.2
21905.75
21928.87
21861.57
22049.32
22004.92
22082.49
22215.58
22003.78
21974.49
21996.54
22009.79
22091.26
22175.5
22121.15
22307.16
22203.42
22320.63
22200.29
22286.29
22341.27
22626.42
22755.9
22807.86
22836.97
23136.08
23076.99
23291.83
23273.78
23234.23
23172.54
23199.51
23299.34
23460.08
23290.35
23364.46
23345.0
23410.55
23678.17
23599.6
23580.1
23401.99
23275.7
23299.44
23234.83
23300.14
23315.49
23450.16
23590.62
23650.26
23534.18
23451.82
23411.83
23501.76
23594.7
23346.08
23296.08
23396.62
23212.91
23329.47
23034.26
23034.49
23098.7
23168.81
23248.51
23259.48
23313.8
23368.54
23416.19
23370.43
23292.54
23464.35
23474.0
23436.85
23476.11
23321.78
23350.8
23394.12
23333.3
23395.26
23484.59
23498.44
23537.92
23684.0
23667.05
23781.71
23694.3
23690.66
23483.27
23381.18
23462.37
23454.71
23459.68
23366.87
23465.02
23530.64
23547.46
23524.84
23599.5
23717.76
23665.61
23709.06
23691.8
23625.61
23607.97
23728.55
23772.39
23714.55
23641.9
23804.01
23816.47
23881.31
23924.55
23781.35
23839.28
23995.84
23992.38
24191.35
24130.78
24195.36
24169.06
24172.63
24055.41
23854.12
23626.9
23683.97
23506.62
23630.13
23620.2
23515.48
23656.66
23791.39
23742.27
23762.85
23796.59
23726.02
23618.15
23660.38
23085.06
23030.72
23190.76
23259.7
23380.89
23340.11
23665.41
23608.15
23485.09
23532.31
23430.62
23309.06
23229.81
23222.75
23369.18
23223.3
23318.27
23275.65
23156.4
23249.7
23387.75
23261.52
23297.75
23235.64
23303.22
23085.23
23001.68
22694.58
22801.2
22746.7
22802.21
22777.2
22755.2
22732.43
22858.37
22881.41
22927.5
22011.76
22089.92
21997.23
21925.75
22082.86
21794.14
21760.43
21842.0
21764.92
21697.24
21764.88
21840.02
21802.75
21858.18
21922.08
21845.66
21918.17
21903.2
21905.75
21928.87
21861.57
22049.32
22004.92
22082.49
22215.58
22003.78
21974.49
21996.54
22009.79
22091.26
22175.5
22121.15
22307.16
22203.42
22320.63
22200.29
22286.29
22341.27
22626.42
22755.9
22807.86
22836.97
23136.08
23076.99
23291.83
23273.78
23234.23
23172.54
23199.51
23299.34
23460.08
23290.35
23364.46
23345.0
23410.55
23678.17
23599.6
23580.1
23401.99
23275.7
23299.44
23234.83
23300.14
23315.49
23450.16
23590.62
23650.26
23534.18
23451.82
23411.83
23501.76
23594.7
23346.08
23296.08
23396.62
23212.91
23329.47
23034.26
23034.49
23098.7
23168.81
23248.51
23259.48
23313.8
23368.54
23416.19
23370.43
23292.54
23464.35
23474.0
23436.85
23476.11
23321.78
23350.8
23394.12
23333.3
23395.26
23484.59
23498.44
23537.92
23684.0
23667.05
23781.71
23694.3
23690.66
23483.27
23381.18
23462.37
23454.71
23459.68
23366.87
23465.02
23530.64
23547.46
23524.84
23599.5
23717.76
23665.61
23709.06
23691.8
23625.61
23607.97
23728.55
23772.39
23714.55
23641.9
23804.01
23816.47
23881.31
23924.55
23781.35
23839.28
23995.84
23992.38
24191.35
24130.78
24195.36
24169.06
24172.63
24055.41
23854.12
23626.9
23683.97
23506.62
23630.13
23620.2
23515.48
23656.66
23791.39
23742.27
23762.85
23796.59
23726.02
23618.15
23660.38
23085.06
23030.72
23190.76
23259.7
23380.89
23340.11
23665.41
23608.15
23485.09
23532.31
23430.62
23309.06
23229.81
23222.75
23369.18
23223.3
23318.27
23275.65
23156.4
23249.7
23387.75
23261.52
23297.75
23235.64
23303.22
23085.23
23001.68
22694.58
22801.2
22746.7
22802.21
22777.2
22755.2
22732.43
22858.37
22881.41
22927.5